image: /home/iflytek/ucar_ws/src/ucar_nav/maps/0724.pgm
resolution: 0.025000
origin: [-12.745499, -12.602409, 0.000000]
negate: 0
occupied_thresh: 0.65
free_thresh: 0.196

